0 1360.3333334568413
43 1352.3333333333371
83 1141.333333333339
118 1139.333333333339
150 962.6666667422439
181 961.6666666666744
206 831.6666666666733
265 831.6666666666733
303 1267.6666598109841
342 1265.6666666666695
365 1335.6666666666695
531 1367.6666666666695
544 1352.6666666666695
497 1340.6666666666695
586 1101.0000000000055
627 1374.0000000000055
564 1358.0000000000055
573 1381.0000000000055
679.0000000000019 1410.0000000000011
771.0000000000019 1437.0000000000011
884.0000000000019 1478.0000000000011
1020.0000000000019 1520.0000000000011
1023.0000000000019 1498.0000000000011
992.0000000000019 1229.0000000000205
941.0000000000019 1163.000000000004
965.0000000000019 1144.000000000004
1023.0000000000019 927.6666666666789
1132.0000000000018 1105.6666666666729
1169.0000000000018 1112.6666666666729
1141.0000000000018 1194.6666666666729
1142.0000000000018 1211.6666666666729
1203.0000000000018 1211.6666666666729
1221.0000000000018 1267.6666666666729
1244.0000000000018 1266.6666666666729
1264.0000000000018 1213.6666666666729
1346.0000000000018 1213.6666666666729
1361.0000000000018 1264.6666666666729
1383.0000000000018 1263.6666666666729
1390.0000000000018 1214.6666666666729
1467.999999999999 1213.6666666666697
1469.999999999999 1195.6666666666697
1438.999999999999 1114.6666666666697
1475.999999999999 1106.000000000006
1585.999999999999 928.0000000000059
1644.999999999999 1144.000000000006
1666.999999999999 1163.000000000006
1616.999999999999 1229.000000000006
1588.999999999999 1499.666666077752
1596.999999999999 1534.6666666666686
1685.999999999999 1511.6666666666686
1784.3333333321937 1471.333333334978
1858.33333333333 1437.3333333333364
1932.33333333333 1407.3333333333364
1935.33333333333 1381.3333333333364
1903.33333333333 1386.3333333333364
1915.33333333333 1321.3333333333364
1902.33333333333 1321.3333333333364
1920.33333333333 1244.3333333333364
1911.33333333333 1243.3333333333364
1927.33333333333 1158.6666666672033
1974.33333333333 1249.6666666666706
1964.33333333333 1249.6666666666706
1984.33333333333 1311.6666666666706
1969.33333333333 1313.6666666666706
1997.33333333333 1370.6666666666706
1967.33333333333 1376.6666666666706
1971.33333333333 1392.6666666666706
2114.3333333333303 1345.6666666666706
2159.3333333333303 1233.6666666666706
2212.3333333333303 1232.6666666666706
2330.333333333327 752.000000000006
2444.333333333327 752.000000000006
2518.9999999999945 1063.0000000000048
2556.9999999999945 1064.0000000000048
2672.666666666668 1330.3333333333374
2909.6666666666683 1072.3333333333374
2966.6666666666683 1073.3333333333374
2986.000000000011 981.3333333333389
3139.000000000011 961.3333333333389
3270.000000000011 1032.333333333339
3252.000000000011 1131.333333333339
3326.000000000011 1163.333333333339
3478 1504.6666666666683
3519 1314.6666666666683
3551 1314.6666666666683
3587 1191.666666707093
3662 1192.6666666666713
3710 1410.6666666666713
3759 1391.6666666666713
3763 1364.6666666666713
3731 1366.6666666666713
3744 1301.6666666666713
3732 1301.6666666666713
3752 1227.6666666666713
3743 1226.6666666666713
3761 1138.6666666666713
3806 1233.6666666666713
3797 1231.6666666666713
3814 1295.6666666666713
3802 1296.6666666666713
3825 1352.6666666666713
3794 1359.6666666666713
3801 1378.6666666666713
3839 1363.6666666666713
3839 2108
0 2109